0 0
0.000976563 4.33439
0.00195313 7.0407
0.00292969 7.19274
0.00390625 4.62219
0.00488281 0.527243
0.00585938 -3.61205
0.00683594 -6.24501
0.0078125 -6.49399
0.00878906 -4.41613
0.00976563 -0.909542
0.0107422 2.63355
0.0117188 4.97566
0.0126953 5.27038
0.0136719 3.69326
0.0146484 1.01018
0.015625 -1.60586
0.0166016 -3.25879
0.0175781 -3.40417
0.0185547 -2.38937
0.0195313 -0.739447
0.0205078 0.656872
0.0214844 1.38436
0.0224609 1.19509
0.0234375 0.670505
0.0244141 0.106759
0.0253906 0.0447145
0.0263672 0.454229
0.0273438 1.06048
0.0283203 1.34222
0.0292969 0.853514
0.0302734 -0.404519
0.03125 -2.01207
0.0322266 -3.1718
0.0332031 -3.33035
0.0341797 -1.97298
0.0351563 0.429913
0.0361328 3.12616
0.0371094 4.945
0.0380859 5.10472
0.0390625 3.1821
0.0400391 -0.147083
0.0410156 -3.74647
0.0419922 -6.20747
0.0429688 -6.46099
0.0439453 -4.24056
0.0449219 -0.34718
0.0458984 3.8481
0.046875 6.77093
0.0478516 7.20715
0.0488281 5.01566
0.0498047 0.913005
0.0507813 -3.51597
0.0517578 -6.65408
0.0527344 -7.28566
0.0537109 -5.24123
0.0546875 -1.39026
0.0556641 2.80953
0.0566406 5.8165
0.0576172 6.5645
0.0585938 4.97197
0.0595703 1.63534
0.0605469 -1.98704
0.0615234 -4.59228
0.0625 -5.21822
0.0634766 -4.01078
0.0644531 -1.52908
0.0654297 1.11317
0.0664063 2.95343
0.0673828 3.41725
0.0683594 2.60055
0.0693359 1.04423
0.0703125 -0.414143
0.0712891 -1.18342
0.0722656 -1.23502
0.0732422 -0.734475
0.0742188 -0.161353
0.0751953 -0.0146207
0.0761719 -0.37059
0.0771484 -1.04789
0.078125 -1.44384
0.0791016 -1.05627
0.0800781 0.118601
0.0810547 1.72558
0.0820313 3.13047
0.0830078 3.45647
0.0839844 2.44438
0.0849609 0.10942
0.0859375 -2.69252
0.0869141 -4.83793
0.0878906 -5.34157
0.0888672 -3.80609
0.0898438 -0.594467
0.0908203 3.1073
0.0917969 5.98156
0.0927734 6.71288
0.09375 4.94313
0.0947266 1.21439
0.0957031 -3.10073
0.0966797 -6.46004
0.0976563 -7.47243
0.0986328 -5.69304
0.0996094 -1.83989
0.100586 2.72923
0.101563 6.25978
0.102539 7.4705
0.103516 5.88908
0.104492 2.28888
0.105469 -2.07624
0.106445 -5.49492
0.107422 -6.7879
0.108398 -5.50628
0.109375 -2.42286
0.110352 1.32675
0.111328 4.25385
0.112305 5.329
0.113281 4.51733
0.114258 2.13066
0.115234 -0.643222
0.116211 -2.76079
0.117188 -3.48212
0.118164 -2.92322
0.119141 -1.4281
0.120117 0.167883
0.121094 1.2119
0.12207 1.41241
0.123047 0.946394
0.124023 0.267564
0.125 -3.93675e-17
0.125977 0.245112
0.126953 0.864253
0.12793 1.24053
0.128906 1.11525
0.129883 0.16412
0.130859 -1.37488
0.131836 -2.79488
0.132813 -3.45337
0.133789 -2.6597
0.134766 -0.623523
0.135742 2.08769
0.136719 4.35794
0.137695 5.3086
0.138672 4.15181
0.139648 1.29614
0.140625 -2.38191
0.141602 -5.43241
0.142578 -6.65378
0.143555 -5.42397
0.144531 -2.02233
0.145508 2.23748
0.146484 5.87614
0.147461 7.3877
0.148438 6.16239
0.149414 2.68044
0.150391 -1.81261
0.151367 -5.63082
0.152344 -7.28654
0.15332 -6.35702
0.154297 -3.08873
0.155273 1.20787
0.15625 4.87779
0.157227 6.58505
0.158203 5.87695
0.15918 3.09854
0.160156 -0.581695
0.161133 -3.69858
0.162109 -5.25977
0.163086 -4.76139
0.164063 -2.59569
0.165039 0.10678
0.166016 2.35756
0.166992 3.3679
0.167969 2.97802
0.168945 1.70034
0.169922 0.112991
0.170898 -1.01661
0.171875 -1.3318
0.172852 -0.900474
0.173828 -0.368488
0.174805 -0.0106359
0.175781 -0.18979
0.176758 -0.775056
0.177734 -1.26857
0.178711 -1.2599
0.179688 -0.430422
0.180664 1.0611
0.181641 2.68006
0.182617 3.45691
0.183594 2.9869
0.18457 1.13982
0.185547 -1.57044
0.186523 -4.07598
0.1875 -5.3054
0.188477 -4.64057
0.189453 -2.01773
0.19043 1.65422
0.191406 5.0367
0.192383 6.72118
0.193359 5.95276
0.194336 2.87042
0.195313 -1.40568
0.196289 -5.31999
0.197266 -7.38866
0.198242 -6.69629
0.199219 -3.56936
0.200195 0.923891
0.201172 5.0239
0.202148 7.3328
0.203125 6.82309
0.204102 3.93047
0.205078 -0.354053
0.206055 -4.32142
0.207031 -6.55582
0.208008 -6.27345
0.208984 -3.80566
0.209961 -0.150718
0.210938 3.26743
0.211914 5.16375
0.212891 5.07202
0.213867 3.1546
0.214844 0.443011
0.21582 -2.03189
0.216797 -3.38211
0.217773 -3.30969
0.21875 -2.0821
0.219727 -0.428735
0.220703 0.864264
0.22168 1.35632
0.222656 1.15023
0.223633 0.547991
0.224609 0.0454005
0.225586 0.097361
0.226563 0.537199
0.227539 1.15061
0.228516 1.31963
0.229492 0.646565
0.230469 -0.7062
0.231445 -2.2692
0.232422 -3.32239
0.233398 -3.14124
0.234375 -1.5938
0.235352 0.976607
0.236328 3.61084
0.237305 5.12726
0.238281 4.89309
0.239258 2.58969
0.240234 -0.893609
0.241211 -4.34588
0.242188 -6.43469
0.243164 -6.22054
0.244141 -3.5821
0.245117 0.519114
0.246094 4.57632
0.24707 7.08046
0.248047 6.95393
0.249023 4.27008
0.25 -7.34762e-15
0.250977 -4.28222
0.251953 -6.94755
0.25293 -7.09378
0.253906 -4.57621
0.254883 -0.521735
0.255859 3.59654
0.256836 6.14821
0.257813 6.47661
0.258789 4.39169
0.259766 0.888029
0.260742 -2.62117
0.261719 -4.83229
0.262695 -5.19533
0.263672 -3.62626
0.264648 -0.994863
0.265625 1.58875
0.266602 3.17172
0.267578 3.33377
0.268555 2.25814
0.269531 0.717724
0.270508 -0.650617
0.271484 -1.24576
0.272461 -1.0914
0.273438 -0.53725
0.274414 -0.0727256
0.275391 -0.0453425
0.276367 -0.491721
0.277344 -1.13846
0.27832 -1.37781
0.279297 -0.855417
0.280273 0.425444
0.28125 2.07685
0.282227 3.28822
0.283203 3.34732
0.28418 2.01821
0.285156 -0.447299
0.286133 -3.17843
0.287109 -5.02022
0.288086 -5.15111
0.289063 -3.2297
0.290039 0.150006
0.291016 3.81198
0.291992 6.28385
0.292969 6.5115
0.293945 4.30542
0.294922 0.353161
0.295898 -3.89777
0.296875 -6.88361
0.297852 -7.256
0.298828 -5.04717
0.299805 -0.929972
0.300781 3.5583
0.301758 6.70299
0.302734 7.33744
0.303711 5.34557
0.304688 1.41852
0.305664 -2.85728
0.306641 -5.91687
0.307617 -6.66612
0.308594 -5.01213
0.30957 -1.67473
0.310547 1.99439
0.311523 4.66586
0.3125 5.37537
0.313477 4.11627
0.314453 1.57212
0.31543 -1.13178
0.316406 -3.04114
0.317383 -3.457
0.318359 -2.6275
0.319336 -1.07134
0.320313 0.431364
0.321289 1.29967
0.322266 1.30417
0.323242 0.822289
0.324219 0.184155
0.325195 0.00297401
0.326172 0.36897
0.327148 0.978698
0.328125 1.26133
0.329102 1.01199
0.330078 -0.115416
0.331055 -1.67045
0.332031 -3.05539
0.333008 -3.41586
0.333984 -2.35062
0.334961 -0.107232
0.335938 2.59365
0.336914 4.67776
0.337891 5.18954
0.338867 3.69576
0.339844 0.58825
0.34082 -3.06309
0.341797 -5.82338
0.342773 -6.62891
0.34375 -4.83208
0.344727 -1.19629
0.345703 3.08104
0.34668 6.32039
0.347656 7.30256
0.348633 5.59517
0.349609 1.81842
0.350586 -2.68826
0.351563 -6.12641
0.352539 -7.35161
0.353516 -5.80414
0.354492 -2.24235
0.355469 2.04221
0.356445 5.36815
0.357422 6.60946
0.358398 5.42356
0.359375 2.35161
0.360352 -1.29183
0.361328 -4.18196
0.362305 -5.27696
0.363281 -4.42231
0.364258 -2.0936
0.365234 0.619006
0.366211 2.71281
0.367188 3.42677
0.368164 2.85315
0.369141 1.38061
0.370117 -0.161433
0.371094 -1.14737
0.37207 -1.31498
0.373047 -0.771287
0.374023 -0.214072
0.375 7.17378e-16
0.375977 -0.307097
0.376953 -0.866364
0.37793 -1.32949
0.378906 -1.18931
0.379883 -0.167336
0.380859 1.38793
0.381836 2.93824
0.382813 3.52699
0.383789 2.77512
0.384766 0.637612
0.385742 -2.13301
0.386719 -4.51539
0.387695 -5.37146
0.388672 -4.22716
0.389648 -1.31544
0.390625 2.39766
0.391602 5.48335
0.392578 6.69591
0.393555 5.49494
0.394531 2.06915
0.395508 -2.27679
0.396484 -5.93257
0.397461 -7.41584
0.398438 -6.23453
0.399414 -2.71947
0.400391 1.84414
0.401367 5.7266
0.402344 7.41692
0.40332 6.42931
0.404297 3.11402
0.405273 -1.21686
0.40625 -4.94114
0.407227 -6.68731
0.408203 -5.91881
0.40918 -3.14483
0.410156 0.5935
0.411133 3.78154
0.412109 5.32984
0.413086 4.77526
0.414063 2.65629
0.415039 -0.110114
0.416016 -2.41852
0.416992 -3.43951
0.417969 -3.07315
0.418945 -1.77014
0.419922 -0.115607
0.420898 1.02833
0.421875 1.4382
0.422852 1.0387
0.423828 0.411881
0.424805 0.0213456
0.425781 0.131057
0.426758 0.719636
0.427734 1.26652
0.428711 1.24997
0.429688 0.418774
0.430664 -1.01869
0.431641 -2.60641
0.432617 -3.43295
0.433594 -2.97481
0.43457 -1.11529
0.435547 1.52508
0.436523 3.98718
0.4375 5.22628
0.438477 4.51384
0.439453 1.98302
0.44043 -1.6256
0.441406 -4.94478
0.442383 -6.60798
0.443359 -5.85893
0.444336 -2.832
0.445313 1.39288
0.446289 5.27367
0.447266 7.29523
0.448242 6.61071
0.449219 3.48987
0.450195 -0.913166
0.451172 -4.97608
0.452148 -7.15631
0.453125 -6.7292
0.454102 -3.8517
0.455078 0.347946
0.456055 4.22492
0.457031 6.40083
0.458008 6.22905
0.458984 3.73777
0.459961 0.148511
0.460938 -3.1815
0.461914 -5.0999
0.462891 -4.92899
0.463867 -3.1041
0.464844 -0.435542
0.46582 1.9879
0.466797 3.25588
0.467773 3.20346
0.46875 1.98142
0.469727 0.40305
0.470703 -0.830038
0.47168 -1.30746
0.472656 -1.02224
0.473633 -0.485712
0.474609 -0.0388269
0.475586 -0.126901
0.476563 -0.630907
0.477539 -1.25964
0.478516 -1.32116
0.479492 -0.657577
0.480469 0.73942
0.481445 2.39974
0.482422 3.36867
0.483398 3.20018
0.484375 1.61531
0.485352 -1.00216
0.486328 -3.66512
0.487305 -5.22325
0.488281 -4.96338
0.489258 -2.65563
0.490234 0.903657
0.491211 4.43311
0.492188 6.52949
0.493164 6.26251
0.494141 3.62149
0.495117 -0.52644
0.496094 -4.67122
0.49707 -7.17932
0.498047 -7.06564
0.499023 -4.3642
0.5 1.48137e-14
0.500977 4.32068
0.501953 7.0536
0.50293 7.11012
0.503906 4.62204
0.504883 0.529931
0.505859 -3.64628
0.506836 -6.29551
0.507813 -6.51028
0.508789 -4.42492
0.509766 -0.900005
0.510742 2.65981
0.511719 4.91768
0.512695 5.20512
0.513672 3.64304
0.514648 1.00357
0.515625 -1.60419
0.516602 -3.20775
0.517578 -3.41061
0.518555 -2.3852
0.519531 -0.742502
0.520508 0.677916
0.521484 1.39403
0.522461 1.28174
0.523438 0.655359
0.524414 0.109283
0.525391 0.0235972
0.526367 0.433667
0.527344 1.03813
0.52832 1.33747
0.529297 0.854678
0.530273 -0.415784
0.53125 -2.02204
0.532227 -3.16355
0.533203 -3.34117
0.53418 -1.97102
0.535156 0.437812
0.536133 3.1515
0.537109 4.92673
0.538086 5.07196
0.539063 3.1851
0.540039 -0.149065
0.541016 -3.75844
0.541992 -6.1455
0.542969 -6.4403
0.543945 -4.26497
0.544922 -0.346104
0.545898 3.84193
0.546875 6.7412
0.547852 7.2158
0.548828 5.0184
0.549805 0.907447
0.550781 -3.48667
0.551758 -6.5726
0.552734 -7.28395
0.553711 -5.27699
0.554688 -1.39065
0.555664 2.82666
0.556641 5.82977
0.557617 6.60091
0.558594 4.92965
0.55957 1.6286
0.560547 -1.97779
0.561523 -4.51709
0.5625 -5.20612
0.563477 -3.99258
0.564453 -1.53915
0.56543 1.11238
0.566406 2.96034
0.567383 3.3612
0.568359 2.52952
0.569336 1.05774
0.570313 -0.406329
0.571289 -1.21
0.572266 -1.24296
0.573242 -0.710959
0.574219 -0.157997
0.575195 -0.0180261
0.576172 -0.403846
0.577148 -1.04822
0.578125 -1.37224
0.579102 -1.05675
0.580078 0.115492
0.581055 1.71838
0.582031 3.06907
0.583008 3.49892
0.583984 2.3907
0.584961 0.109561
0.585938 -2.66997
0.586914 -4.83248
0.587891 -5.35329
0.588867 -3.80872
0.589844 -0.596176
0.59082 3.10017
0.591797 5.92397
0.592773 6.69285
0.59375 4.93966
0.594727 1.21787
0.595703 -3.12851
0.59668 -6.41538
0.597656 -7.41344
0.598633 -5.73133
0.599609 -1.83471
0.600586 2.7262
0.601563 6.24582
0.602539 7.47674
0.603516 5.90618
0.604492 2.26507
0.605469 -2.07514
0.606445 -5.47831
0.607422 -6.71566
0.608398 -5.4824
0.609375 -2.42014
0.610352 1.31312
0.611328 4.2686
0.612305 5.35435
0.613281 4.50846
0.614258 2.13529
0.615234 -0.644399
0.616211 -2.72021
0.617188 -3.49414
0.618164 -2.89837
0.619141 -1.42295
0.620117 0.169225
0.621094 1.1926
0.62207 1.3734
0.623047 0.919954
0.624023 0.305555
0.625 -2.10247e-16
0.625977 0.217112
0.626953 0.852831
0.62793 1.26603
0.628906 1.10181
0.629883 0.165794
0.630859 -1.38722
0.631836 -2.84142
0.632813 -3.3788
0.633789 -2.67278
0.634766 -0.63354
0.635742 2.08431
0.636719 4.35846
0.637695 5.2817
0.638672 4.14787
0.639648 1.30207
0.640625 -2.3665
0.641602 -5.47216
0.642578 -6.66328
0.643555 -5.42864
0.644531 -2.03415
0.645508 2.2496
0.646484 5.86973
0.647461 7.4019
0.648438 6.20457
0.649414 2.67684
0.650391 -1.79768
0.651367 -5.60223
0.652344 -7.38181
0.65332 -6.33852
0.654297 -3.05206
0.655273 1.20828
0.65625 4.8817
0.657227 6.61721
0.658203 5.81837
0.65918 3.05911
0.660156 -0.588458
0.661133 -3.70228
0.662109 -5.24779
0.663086 -4.70624
0.664063 -2.61359
0.665039 0.106822
0.666016 2.38977
0.666992 3.3875
0.667969 3.04171
0.668945 1.70685
0.669922 0.113497
0.670898 -0.986444
0.671875 -1.33262
0.672852 -0.955164
0.673828 -0.308521
0.674805 -0.00994685
0.675781 -0.21703
0.676758 -0.747755
0.677734 -1.3425
0.678711 -1.29374
0.679688 -0.434294
0.680664 1.08282
0.681641 2.60745
0.682617 3.52282
0.683594 3.04274
0.68457 1.14445
0.685547 -1.58494
0.686523 -4.08673
0.6875 -5.3448
0.688477 -4.60791
0.689453 -2.01724
0.69043 1.66538
0.691406 5.00817
0.692383 6.64176
0.693359 5.90531
0.694336 2.87386
0.695313 -1.40873
0.696289 -5.30783
0.697266 -7.34019
0.698242 -6.74207
0.699219 -3.56559
0.700195 0.920151
0.701172 5.05359
0.702148 7.31714
0.703125 6.84648
0.704102 3.89638
0.705078 -0.35161
0.706055 -4.30363
0.707031 -6.54884
0.708008 -6.28162
0.708984 -3.80681
0.709961 -0.150429
0.710938 3.24632
0.711914 5.14238
0.712891 5.07668
0.713867 3.21514
0.714844 0.441035
0.71582 -2.02516
0.716797 -3.36749
0.717773 -3.32699
0.71875 -2.05002
0.719727 -0.429768
0.720703 0.859732
0.72168 1.35154
0.722656 1.17873
0.723633 0.540583
0.724609 0.0509571
0.725586 0.0810649
0.726563 0.54676
0.727539 1.15299
0.728516 1.28963
0.729492 0.640316
0.730469 -0.729851
0.731445 -2.32441
0.732422 -3.36762
0.733398 -3.15552
0.734375 -1.5676
0.735352 0.986755
0.736328 3.60722
0.737305 5.18831
0.738281 4.82307
0.739258 2.59426
0.740234 -0.889543
0.741211 -4.33846
0.742188 -6.44849
0.743164 -6.2317
0.744141 -3.58269
0.745117 0.524785
0.746094 4.59405
0.74707 7.07559
0.748047 6.95957
0.749023 4.2871
0.75 1.89939e-13
0.750977 -4.26559
0.751953 -6.91931
0.75293 -7.04708
0.753906 -4.61023
0.754883 -0.525318
0.755859 3.54662
0.756836 6.1989
0.757813 6.48548
0.758789 4.35731
0.759766 0.89697
0.760742 -2.62275
0.761719 -4.89562
0.762695 -5.13592
0.763672 -3.62829
0.764648 -0.97349
0.765625 1.59071
0.766602 3.10889
0.767578 3.26893
0.768555 2.30953
0.769531 0.724743
0.770508 -0.643509
0.771484 -1.2545
0.772461 -1.15874
0.773438 -0.572034
0.774414 -0.0955838
0.775391 -0.0590568
0.776367 -0.556032
0.777344 -1.15046
0.77832 -1.40872
0.779297 -0.855402
0.780273 0.417351
0.78125 2.08311
0.782227 3.29446
0.783203 3.34196
0.78418 2.01826
0.785156 -0.443837
0.786133 -3.1719
0.787109 -5.08492
0.788086 -5.21065
0.789063 -3.24048
0.790039 0.150355
0.791016 3.81252
0.791992 6.26455
0.792969 6.51438
0.793945 4.2856
0.794922 0.350857
0.795898 -3.91773
0.796875 -6.81749
0.797852 -7.28226
0.798828 -5.07205
0.799805 -0.928703
0.800781 3.53846
0.801758 6.69256
0.802734 7.33767
0.803711 5.32478
0.804688 1.41217
0.805664 -2.86844
0.806641 -5.92674
0.807617 -6.68411
0.808594 -5.00378
0.80957 -1.67267
0.810547 2.02006
0.811523 4.66972
0.8125 5.36975
0.813477 4.06936
0.814453 1.56865
0.81543 -1.14543
0.816406 -3.04878
0.817383 -3.51922
0.818359 -2.61207
0.819336 -1.08473
0.820313 0.430781
0.821289 1.30743
0.822266 1.32009
0.823242 0.796179
0.824219 0.178355
0.825195 0.00508492
0.826172 0.308519
0.827148 0.954713
0.828125 1.32081
0.829102 0.972701
0.830078 -0.112345
0.831055 -1.71191
0.832031 -3.031
0.833008 -3.43229
0.833984 -2.38314
0.834961 -0.106154
0.835938 2.61538
0.836914 4.74649
0.837891 5.25889
0.838867 3.70284
0.839844 0.582428
0.84082 -3.09333
0.841797 -5.8468
0.842773 -6.58103
0.84375 -4.84646
0.844727 -1.21216
0.845703 3.07794
0.84668 6.30702
0.847656 7.37014
0.848633 5.63397
0.849609 1.79897
0.850586 -2.68509
0.851563 -6.13401
0.852539 -7.30387
0.853516 -5.82785
0.854492 -2.24419
0.855469 2.04555
0.856445 5.39596
0.857422 6.68344
0.858398 5.43073
0.859375 2.36243
0.860352 -1.306
0.861328 -4.17208
0.862305 -5.26408
0.863281 -4.41828
0.864258 -2.08219
0.865234 0.621624
0.866211 2.70949
0.867188 3.40234
0.868164 2.80707
0.869141 1.38107
0.870117 -0.166488
0.871094 -1.13582
0.87207 -1.28736
0.873047 -0.842526
0.874023 -0.208948
0.875 -1.22903e-15
0.875977 -0.316944
0.876953 -0.888574
0.87793 -1.3914
0.878906 -1.16341
0.879883 -0.16817
0.880859 1.40088
0.881836 2.8583
0.882813 3.47019
0.883789 2.74688
0.884766 0.640158
0.885742 -2.12108
0.886719 -4.47756
0.887695 -5.38489
0.888672 -4.24534
0.889648 -1.31862
0.890625 2.39743
0.891602 5.53663
0.892578 6.74314
0.893555 5.50874
0.894531 2.05647
0.895508 -2.26001
0.896484 -5.90159
0.897461 -7.48114
0.898438 -6.20828
0.899414 -2.70889
0.900391 1.84308
0.901367 5.71944
0.902344 7.44062
0.90332 6.43558
0.904297 3.13143
0.905273 -1.21976
0.90625 -4.94789
0.907227 -6.68918
0.908203 -5.95527
0.90918 -3.12758
0.910156 0.596612
0.911133 3.76738
0.912109 5.28178
0.913086 4.77483
0.914063 2.69185
0.915039 -0.10786
0.916016 -2.40339
0.916992 -3.48932
0.917969 -3.11136
0.918945 -1.73226
0.919922 -0.116402
0.920898 1.04413
0.921875 1.3822
0.922852 0.986594
0.923828 0.433765
0.924805 0.0148614
0.925781 0.139128
0.926758 0.711104
0.927734 1.20998
0.928711 1.22186
0.929688 0.407268
0.930664 -1.03926
0.931641 -2.5311
0.932617 -3.44043
0.933594 -2.92943
0.93457 -1.10584
0.935547 1.52869
0.936523 3.98473
0.9375 5.27296
0.938477 4.51918
0.939453 1.96139
0.94043 -1.64165
0.941406 -4.92769
0.942383 -6.60311
0.943359 -5.84137
0.944336 -2.83751
0.945313 1.38645
0.946289 5.28391
0.947266 7.27979
0.948242 6.59708
0.949219 3.48763
0.950195 -0.914089
0.951172 -4.97783
0.952148 -7.22408
0.953125 -6.76915
0.954102 -3.84351
0.955078 0.347992
0.956055 4.26196
0.957031 6.46725
0.958008 6.19195
0.958984 3.76473
0.959961 0.147567
0.960938 -3.18606
0.961914 -5.07998
0.962891 -4.94104
0.963867 -3.09883
0.964844 -0.433244
0.96582 1.99239
0.966797 3.28924
0.967773 3.22956
0.96875 2.01328
0.969727 0.415623
0.970703 -0.843935
0.97168 -1.28329
0.972656 -1.06147
0.973633 -0.436846
0.974609 -0.0289047
0.975586 -0.12156
0.976563 -0.627084
0.977539 -1.26164
0.978516 -1.39404
0.979492 -0.662802
0.980469 0.753063
0.981445 2.38961
0.982422 3.36993
0.983398 3.19504
0.984375 1.60587
0.985352 -1.00474
0.986328 -3.63639
0.987305 -5.25553
0.988281 -4.91887
0.989258 -2.64367
0.990234 0.904221
0.991211 4.40908
0.992188 6.57158
0.993164 6.32421
0.994141 3.61823
0.995117 -0.530972
0.996094 -4.62672
0.99707 -7.10724
0.998047 -7.03721
0.999023 -4.34417
